13.5
17
15.8
13.1
14.3
13.8
11.5
12.3
11.1
10.3
11.6
12
14
15
15
16.1
17.4
17.9
17.6
18.1
13.7
14.8
14.8
15.7
13
14.5
16.7
13.4
12.6
11.5
9.68
7.22
4.37
5.52
8.37
7.87
8.22
8.92
8.51
8.04
8.2
8.15
7.65
7.69
8.05
7.56
7.44
8.25
8.61
27.2
25.8
20.8
26.3
31.3
29.5
25.9
21.7
22.4
26
25.5
23
20.8
17.2
15.4
19.8
21.2
20
19.9
20.3
75.6
115
59.8
44.4
60
71.7
47.8
42
35.4
31.2
28.7
30.1
43
41.9
33.5
29.1
26.3
23.5
21.5
25
25
24.9
24.3
25.5
24.9
25.6
24.2
23.6
19.7
17.2
18.4
22.2
22.6
20.9
19
20.1
20.7
19
20
21.1
19
32.2
27.9
24.5
23.6
22.7
21.8
21.9
21.9
22.4
21.5
20.6
18.9
17.4
15.1
14.9
16.2
11.7
18.9
14.3
13.7
9.78
12.3
16
13.6
10.9
13.2
12.4
13.5
12.9
11.9
13.5
15.2
18.9
18.1
14.7
14.7
13.3
12.9
11.4
12.4
11.7
30
43.7
33.8
24.3
58.4
41.7
27.1
19.3
183
318
308
190
75.8
50.2
37.6
39.8
80
52.5
118
403
143
123
445
555
134
74.4
58.5
46
40.9
34.7
38.1
36.5
32.5
33.5
43.9
48.3
39.4
32.4
31.8
700
110
44.3
21.5
17.2
14.9
13.9
13.6
17.4
22
22.8
17.3
18.1
15.3
16
16.5
20.6
24.9
21.4
19.1
38.6
36.4
28.4
22.1
22.7
22.8
17.1
18.9
19.5
15.6
11.6
21.1
580
159
70.9
52.7
44.2
42.4
58.3
91.5
84.1
52.8
46
38.1
55.4
420
275
247
190
89.1
90.5
165
163
127
69.9
51.5
43.4
40.2
35.7
33.4
31.2
30.9
27.5
27.8
26
26.1
24.6
23.8
25.5
20.6
21
17
18.3
11.7
10.6
15.2
14.8
20.9
23.1
20.5
18.9
40.4
60.1
42
27.7
32.5
51.7
40.5
115
85.5
50.8
37.5
31.4
28.5
31.1
26.4
24.6
21.8
18.2
18
16.5
16.8
19.9
18.2
80.3
116
63.3
42.8
35.9
30.4
27.3
23.8
21.1
20.2
76.2
119
56.2
38.8
30.3
25
20.7
17.7
61.7
63.3
46.3
35.7
31.3
29.3
29.2
30.8
33.2
31.8
29.4
68.2
58
43.2
34.9
34.8
30.6
31.6
30.5
30
28.9
27.8
25.1
22.1
20.1
22.7
22
18.2
18.2
19.6
18
18.1
15.8
15.9
18
14.9
17.2
15.6
15.5
15.6
15.1
15
16.2
22.3
17
13.4
12.5
14.2
14.8
19.2
19.5
19.5
20.6