1 1842.83
2 1170.5
3 1856.16
4 1842.83
5 0
6 0
7 0
8 3621.32
9 1998.16
10 0
11 0
12 500
13 707.107
14 0
15 141.421
16 1707.11
17 1092.83
18 0
19 0
20 0
21 1707.11
22 1707.11
23 2121.32
24 0
25 14485.3
26 0
27 707.107
28 0
29 0
30 1998.16
31 562.5
32 500
33 1207.11
34 1623.16
35 112.5
36 0
37 3621.32
38 0
39 0
40 0
41 141.421
42 0
43 1060.66
44 2207.11
45 3121.32
46 0
47 0
48 0
49 0
50 0
51 0
52 0
53 524.264
54 0
55 1170.5
56 0
57 0
58 0
59 0
60 0
61 0
62 0
63 375
64 1092.83
65 2707.11
66 0
67 3914.21
68 1707.11
69 0
70 0
71 1024.26
72 112.5
73 562.5
74 100
75 0
76 0
77 1500
78 2250
79 0
80 3621.32
81 0
82 0
83 3328.43
84 141.421
85 0
86 0
87 0
88 100
89 1707.11
90 0
91 750
92 2560.66
93 141.421
94 0
95 0
96 150
97 212.132
98 0
99 0
100 0
101 0
102 2914.21
103 0
104 0
105 0
106 0
107 4681.98
108 0
109 0
110 0
111 0
112 0
113 0
114 0
115 0
116 1414.21
117 562.5
118 1060.66
119 0
120 1467.83
121 0
122 0
123 0
124 0
125 0
126 0
127 1707.11
128 795.495
129 0
130 0
131 0
132 0
133 256.066
134 1092.83
135 1700.83
136 707.107
137 1467.83
138 1092.83
139 0
140 2914.21
141 795.495
142 0
143 1707.11
144 0
145 0
146 1914.21
147 0
148 0
149 1414.21
150 0
151 0
152 0
153 0
154 1623.16
155 1856.16
156 0
157 2231.16
158 0
159 0
160 562.5
161 0
162 0
163 150
164 241.421
165 0
166 0
167 1914.21
168 0
169 2207.11
170 0
171 0
172 2373.16
173 0
174 0
175 2000
176 2621.32
177 1707.11
178 1207.11
179 562.5
180 1655.33
181 1000
182 0
183 0
184 8431.98
185 562.5
186 0
187 0
188 500
189 0
190 0
191 0
192 0
193 1325.83
194 2414.21
195 562.5
196 353.553
197 0
198 1965.99
199 1325.83
200 0
201 0
202 0
203 0
204 0
205 0
206 112.5
207 353.553
208 1312.5
209 1707.11
210 0
211 0
212 1914.21
213 353.553
214 937.5
215 0
216 0
217 2914.21
218 0
219 1207.11
220 1207.11
221 0
222 0
223 0
224 0
225 500
226 1207.11
227 0
228 250
229 1414.21
230 0
231 375
232 141.421
233 795.495
234 1842.83
235 1435.66
236 2414.21
237 0
238 0
239 0
240 2386.49
241 707.107
242 0
243 0
244 0
245 0
246 1414.21
247 500
248 0
249 5121.32
250 0
251 0
252 905.33
253 0
254 0
255 0
256 707.107
257 0
258 0
259 0
260 1060.66
261 0
262 2707.11
263 0
264 218.566
265 0
266 1842.83
267 1092.83
268 937.5
269 1998.16
270 141.421
271 0
272 937.5
273 0
274 4681.98
275 2207.11
276 0
277 0
278 0
279 0
280 0
281 0
282 0
283 141.421
284 0
285 0
286 0
287 0
288 0
289 1500
290 0
291 2121.32
292 562.5
293 1707.11
294 4636.49
295 112.5
296 853.553
297 0
298 0
299 2967.83
300 0
301 0
302 0
303 3621.32
304 0
305 2207.11
306 0
307 937.5
308 2828.43
309 1842.83
310 2373.16
311 353.553
312 2207.11
313 707.107
314 0
315 0
316 150
317 0
318 0
319 1500
320 0
321 562.5
322 3808.82
323 1700.83
324 1914.21
325 150
326 0
327 0
328 3621.32
329 1467.83
330 0
331 0
332 0
333 0
334 112.5
335 3310.66
336 562.5
337 1414.21
338 7242.64
339 0
340 0
341 0
342 0
343 0
344 0
345 1414.21
346 0
347 1914.21
348 112.5
349 795.495
350 212.132
351 0
352 937.5
353 150
354 500
355 1414.21
356 905.33
357 0
358 750
359 0
360 141.421
361 2592.83
362 795.495
363 3621.32
364 2981.16
365 2871.32
366 0
367 0
368 0
369 0
370 0
371 1207.11
372 2903.49
373 795.495
374 3828.43
375 2450.83
376 707.107
377 4481.16
378 1623.16
379 100
380 1842.83
381 0
382 0
383 0
384 0
385 2606.16
386 1312.5
387 141.421
388 1092.83
389 265.165
390 341.421
391 937.5
392 957.107
393 0
394 0
395 0
396 0
397 212.132
398 0
399 0
400 1207.11
401 500
402 1700.83
403 1545.5
404 0
405 2871.32
406 0
407 0
408 0
409 0
410 0
411 562.5
412 353.553
413 1700.83
414 0
415 0
416 0
417 0
418 112.5
419 200
420 1500
421 0
422 0
423 2871.32
424 212.132
425 1170.5
426 2121.32
427 707.107
428 0
429 0
430 0
431 212.132
432 795.495
433 2373.16
434 6492.64
435 937.5
436 2707.11
437 2414.21
438 2621.32
439 3621.32
440 0
441 2707.11
442 0
443 0
444 0
445 0
446 0
447 0
448 0
449 0
450 0
451 1060.66
452 1467.83
453 795.495
454 1280.33
455 0
456 0
457 795.495
458 603.553
459 0
460 0
461 0
462 0
463 0
464 0
465 500
466 0
467 4328.43
468 0
469 1842.83
470 10364
471 1092.83
472 0
473 562.5
474 0
475 0
476 0
477 562.5
478 0
479 0
480 0
481 0
482 0
483 1207.11
484 100
485 0
486 0
487 3808.82
488 795.495
489 1707.11
490 159.099
491 2062.5
492 1170.5
493 707.107
494 141.421
495 0
496 2914.21
497 0
498 0
499 0
500 0
501 0
502 0
503 0
504 1207.11
505 0
506 0
507 1092.83
508 112.5
509 100
510 100
511 218.566
512 0
513 0
514 0
515 707.107
516 0
517 0
518 0
519 0
520 1000
521 141.421
522 0
523 0
524 937.5
525 1207.11
526 4681.98
527 1207.11
528 2231.16
529 724.264
530 234.099
531 3822.15
532 603.553
533 3498.16
534 0
535 250
536 1414.21
537 0
538 2528.49
539 1623.16
540 5431.98
541 2450.83
542 200
543 2153.49
544 937.5
545 0
546 1414.21
547 0
548 0
549 0
550 1810.66
551 707.107
552 3653.49
553 141.421
554 159.099
555 424.264
556 218.566
557 1707.11
558 1325.83
559 300
560 1325.83
561 0
562 0
563 0
564 0
565 0
566 141.421
567 2621.32
568 0
569 0
570 0
571 0
572 100
573 1092.83
574 159.099
575 141.421
576 1048.53
577 0
578 441.421
579 0
580 0
581 1414.21
582 0
583 0
584 5121.32
585 603.553
586 0
587 0
588 0
589 0
590 0
591 250
592 0
593 3621.32
594 562.5
595 1414.21
596 795.495
597 1125
598 0
599 250
600 0
601 0
602 0
603 0
604 0
605 1500
606 0
607 0
608 0
609 75
610 500
611 2250
612 541.421
613 218.566
614 1545.5
615 1207.11
616 1467.83
617 159.099
618 0
619 562.5
620 1842.83
621 0
622 0
623 500
624 562.5
625 0
626 1414.21
627 1500
628 1000
629 0
630 0
631 603.553
632 2414.21
633 159.099
634 2825.83
635 2621.32
636 500
637 1092.83
638 0
639 0
640 0
641 0
642 0
643 0
644 0
645 0
646 0
647 4041.82
648 2606.16
649 562.5
650 112.5
651 0
652 4041.82
653 1207.11
654 0
655 0
656 530.33
657 0
658 0
659 2250
660 1207.11
661 937.5
662 1414.21
663 375
664 707.107
665 530.33
666 1207.11
667 2231.16
668 5477.48
669 1060.66
670 562.5
671 0
672 0
673 0
674 1914.21
675 0
676 562.5
677 0
678 0
679 4328.43
680 1060.66
681 0
682 353.553
683 0
684 0
685 1920.5
686 1325.83
687 795.495
688 112.5
689 1325.83
690 3310.66
691 0
692 2914.21
693 750
694 500
695 0
696 562.5
697 0
698 0
699 0
700 0
701 0
702 187.5
703 482.843
704 300
705 1060.66
706 1250
707 4869.48
708 375
709 100
710 2748.16
711 603.553
712 2707.11
713 0
714 150
715 0
716 500
717 2207.11
718 0
719 0
720 1060.66
721 0
722 0
723 112.5
724 353.553
725 112.5
726 262.5
727 141.421
728 300
729 624.264
730 1467.83
731 795.495
732 1810.66
733 141.421
734 0
735 0
736 0
737 0
738 0
739 562.5
740 8035.53
741 8035.53
742 218.566
743 187.5
744 353.553
745 106.066
746 187.5
747 1224.26
748 262.5
749 1524.26
750 141.421
751 3058.82
752 795.495
753 159.099
754 1060.66
755 382.843
756 340.165
757 707.107
758 4328.43
759 530.33
760 0
761 0
762 450
763 0
764 0
765 0
766 0
767 0
768 0
769 0
770 0
771 0
772 0
773 500
774 0
775 100
776 1500
777 141.421
778 0
779 0
780 603.553
781 1312.5
782 141.421
783 353.553
784 525
785 141.421
786 337.5
787 187.5
788 141.421
789 187.5
790 1467.83
791 250
792 2373.16
793 1170.5
794 0
795 100
796 795.495
797 500
798 0
799 0
800 707.107
801 0
802 707.107
803 159.099
804 1810.66
805 3750
806 2560.66
807 0
808 353.553
809 2217.83
810 11242.6
811 712.5
812 141.421
813 362.132
814 424.264
815 1207.11
816 0
817 0
818 1207.11
819 0
820 0
821 2414.21
822 0
823 1092.83
824 937.5
825 593.566
826 300
827 424.264
828 112.5
829 707.107
830 562.5
831 787.5
832 141.421
833 500
834 150
835 324.632
836 112.5
837 309.099
838 212.132
839 562.5
840 112.5
841 500
842 0
843 0
844 0
845 0
846 795.495
847 3621.32
848 2153.49
849 818.566
850 187.5
851 212.132
852 1200
853 353.553
854 1012.5
855 262.5
856 141.421
857 106.066
858 218.566
859 5035.53
860 2231.16
861 0
862 1000
863 218.566
864 1914.21
865 0
866 0
867 1170.5
868 1280.33
869 100
870 937.5
871 1162.5
872 353.553
873 212.132
874 150
875 112.5
876 562.5
877 1170.5
878 2207.11
879 265.165
880 4121.32
881 1325.83
882 6181.98
883 562.5
884 2528.49
885 353.553
886 0
887 0
888 0
889 0
890 0
891 1467.83
892 112.5
893 100
894 412.5
895 353.553
896 450
897 712.5
898 212.132
899 562.5
900 1856.16
901 241.421
902 3931.98
903 212.132
904 0
905 0
906 603.553
907 0
908 241.421
909 500
910 1914.21
911 0
912 0
913 0
914 0
915 0
916 0
917 0
918 0
919 0
920 4403.49
921 241.421
922 441.421
923 187.5
924 1810.66
925 1000
926 353.553
927 187.5
928 3036.4
929 212.132
930 341.421
931 100
932 1467.83
933 795.495
934 937.5
935 1000
936 1707.11
937 0
938 0
939 0
940 0
941 0
942 0
943 3121.32
944 1467.83
945 0
946 853.553
947 3353.55
948 562.5
949 212.132
950 112.5
951 353.553
952 112.5
953 862.5
954 353.553
955 1545.5
956 218.566
957 141.421
958 707.107
959 0
960 0
961 562.5
962 0
963 318.198
964 518.566
965 112.5
966 212.132
967 353.553
968 800
969 1700.83
970 1914.21
971 2207.11
972 0
973 0
974 0
975 0
976 0
977 0
978 0
979 0
980 0
981 0
982 0
983 2914.21
984 487.5
985 800
986 212.132
987 562.5
988 112.5
989 1914.21
990 1210.66
991 0
992 603.553
993 707.107
994 795.495
995 0
996 0
997 0
998 0
999 0
1000 4041.82
1001 353.553
1002 112.5
1003 212.132
1004 500
1005 853.553
1006 603.553
1007 218.566
1008 603.553
1009 2592.83
1010 795.495
1011 106.066
1012 200
1013 250
1014 3589.15
1015 1914.21
1016 212.132
1017 0
1018 0
1019 795.495
1020 2373.16
1021 1707.11
1022 500
1023 0
1024 0
1025 0
1026 0
1027 707.107
1028 1560.66
1029 768.198
1030 474.632
1031 1207.11
1032 0
1033 262.5
1034 200
1035 353.553
1036 603.553
1037 353.553
1038 262.5
1039 707.107
1040 8742.64
1041 1545.5
1042 375
1043 1325.83
1044 1998.16
1045 562.5
1046 0
1047 0
1048 0
1049 0
1050 1280.33
1051 1000
1052 707.107
1053 0
1054 0
1055 0
1056 0
1057 1700.83
1058 2683.82
1059 187.5
1060 1414.21
1061 1207.11
1062 957.107
1063 412.5
1064 603.553
1065 853.553
1066 0
1067 1545.5
1068 368.566
1069 1092.83
1070 0
1071 0
1072 0
1073 0
1074 0
1075 1998.16
1076 562.5
1077 106.066
1078 500
1079 141.421
1080 1015.17
1081 424.264
1082 1842.83
1083 159.099
1084 957.107
1085 795.495
1086 795.495
1087 353.553
1088 1810.66
1089 2517.77
1090 707.107
1091 3433.82
1092 0
1093 937.5
1094 937.5
1095 0
1096 707.107
1097 0
1098 0
1099 0
1100 0
1101 0
1102 1207.11
1103 3414.21
1104 0
1105 0
1106 141.421
1107 1353.55
1108 353.553
1109 353.553
1110 937.5
1111 795.495
1112 9906.85
1113 0
1114 0
1115 1914.21
1116 0
1117 0
1118 0
1119 3207.11
1120 2606.16
1121 112.5
1122 424.264
1123 2981.16
1124 100
1125 75
1126 786.396
1127 341.421
1128 300
1129 159.099
1130 795.495
1131 0
1132 795.495
1133 0
1134 0
1135 0
1136 562.5
1137 1207.11
1138 0
1139 1707.11
1140 0
1141 2560.66
1142 937.5
1143 2062.5
1144 159.099
1145 3414.21
1146 1500
1147 375
1148 0
1149 2664.21
1150 1842.83
1151 159.099
1152 1842.83
1153 500
1154 0
1155 4106.16
1156 241.421
1157 957.107
1158 4621.32
1159 795.495
1160 562.5
1161 1920.5
1162 2967.83
1163 0
1164 0
1165 0
1166 1092.83
1167 530.33
1168 1914.21
1169 795.495
1170 2414.21
1171 707.107
1172 2606.16
1173 2075.83
1174 0
1175 2207.11
1176 3621.32
1177 141.421
1178 0
1179 1207.11
1180 234.099
1181 603.553
1182 500
1183 187.5
1184 106.066
1185 0
1186 1414.21
1187 4828.43
1188 0
1189 0
1190 0
1191 2121.32
1192 375
1193 2295.5
1194 353.553
1195 795.495
1196 1700.83
1197 1914.21
1198 0
1199 0
1200 957.107
1201 1207.11
1202 1092.83
1203 1092.83
1204 424.264
1205 353.553
1206 2373.16
1207 1467.83
1208 0
1209 1414.21
1210 0
1211 1060.66
1212 0
1213 1707.11
1214 0
1215 0
1216 0
1217 2414.21
1218 1092.83
1219 2386.49
1220 2981.16
1221 112.5
1222 0
1223 0
1224 4416.82
1225 795.495
1226 2450.83
1227 112.5
1228 1707.11
1229 265.165
1230 1353.55
1231 603.553
1232 0
1233 1914.21
1234 1700.83
1235 4681.98
1236 2207.11
1237 905.33
1238 0
1239 0
1240 2231.16
1241 2103.55
1242 353.553
1243 112.5
1244 3621.32
1245 795.495
1246 0
1247 2121.32
1248 2414.21
1249 0
1250 2500
1251 341.421
1252 0
1253 0
1254 0
1255 500
1256 1914.21
1257 0
1258 1103.55
1259 562.5
1260 2373.16
1261 562.5
1262 500
1263 795.495
1264 2414.21
1265 2414.21
1266 1998.16
1267 3621.32
1268 562.5
1269 353.553
1270 795.495
1271 2748.16
1272 637.5
1273 353.553
1274 0
1275 795.495
1276 1092.83
1277 0
1278 0
1279 574.264
1280 0
1281 0
1282 0
1283 0
1284 1000
1285 0
1286 1707.11
1287 112.5
1288 112.5
1289 353.553
1290 112.5
1291 1414.21
1292 2414.21
1293 795.495
1294 2621.32
1295 353.553
1296 112.5
1297 2207.11
1298 0
1299 1467.83
1300 905.33
1301 2153.49
1302 2500
1303 1623.16
1304 0
1305 0
1306 1092.83
1307 1467.83
1308 562.5
1309 3414.21
1310 853.553
1311 3511.49
1312 795.495
1313 241.421
1314 1000
1315 0
1316 1060.66
1317 1207.11
1318 1325.83
1319 0
1320 759.099
1321 353.553
1322 375
1323 3328.43
1324 707.107
1325 4416.82
1326 562.5
1327 0
1328 200
1329 1914.21
1330 0
1331 2560.66
1332 0
1333 530.33
1334 603.553
1335 353.553
1336 795.495
1337 1545.5
1338 0
1339 795.495
1340 741.421
1341 0
1342 562.5
1343 937.5
1344 0
1345 1707.11
1346 0
1347 0
1348 0
1349 0
1350 0
1351 200
1352 2707.11
1353 159.099
1354 0
1355 1207.11
1356 936.396
1357 0
1358 0
1359 957.107
1360 112.5
1361 7328.43
1362 2217.83
1363 0
1364 0
1365 1170.5
1366 0
1367 795.495
1368 106.066
1369 353.553
1370 0
1371 530.33
1372 412.5
1373 707.107
1374 75
1375 3731.16
1376 0
1377 795.495
1378 0
1379 707.107
1380 0
1381 795.495
1382 0
1383 0
1384 0
1385 3433.82
1386 212.132
1387 603.553
1388 2062.5
1389 141.421
1390 0
1391 0
1392 4183.82
1393 0
1394 250
1395 1707.11
1396 0
1397 241.421
1398 0
1399 562.5
1400 3121.32
1401 1500
1402 0
1403 1170.5
1404 2373.16
1405 562.5
1406 1092.83
1407 0
1408 1842.83
1409 7449.75
1410 75
1411 1467.83
1412 5431.98
1413 1500
1414 0
1415 0
1416 530.33
1417 241.421
1418 562.5
1419 603.553
1420 106.066
1421 0
1422 2903.49
1423 2437.5
1424 353.553
1425 0
1426 0
1427 0
1428 0
1429 337.5
1430 707.107
1431 1312.5
1432 2075.83
1433 2414.21
1434 250
1435 1707.11
1436 530.33
1437 3328.43
1438 4121.32
1439 1707.11
1440 1170.5
1441 0
1442 0
1443 0
1444 0
1445 0
1446 937.5
1447 112.5
1448 112.5
1449 0
1450 0
1451 1207.11
1452 0
1453 262.5
1454 353.553
1455 795.495
1456 353.553
1457 1207.11
1458 2121.32
1459 5102.48
1460 2621.32
1461 0
1462 0
1463 0
1464 0
1465 0
1466 0
1467 0
1468 112.5
1469 1700.83
1470 0
1471 0
1472 0
1473 524.264
1474 0
1475 1207.11
1476 0
1477 4248.16
1478 0
1479 353.553
1480 1170.5
1481 1060.66
1482 0
1483 0
1484 0
1485 0
1486 1092.83
1487 4828.43
1488 562.5
1489 112.5
1490 0
1491 1414.21
1492 0
1493 0
1494 4681.98
1495 937.5
1496 450
1497 1457.11
1498 0
1499 200
1500 2450.83
1501 500
1502 2121.32
1503 1687.5
1504 0
1505 0
1506 2914.21
1507 2207.11
1508 0
1509 0
1510 250
1511 0
1512 0
1513 4714.15
1514 1700.83
1515 112.5
1516 957.107
1517 4000
1518 341.421
1519 562.5
1520 2075.83
1521 795.495
1522 0
1523 1914.21
1524 562.5
1525 0
1526 0
1527 112.5
1528 0
1529 1060.66
1530 0
1531 0
1532 0
1533 2000
1534 112.5
1535 141.421
1536 541.421
1537 241.421
1538 0
1539 300
1540 0
1541 0
1542 562.5
1543 353.553
1544 937.5
1545 957.107
1546 150
1547 2250
1548 1700.83
1549 3498.16
1550 1207.11
1551 141.421
1552 2621.32
1553 562.5
1554 500
1555 707.107
1556 0
1557 0
1558 500
1559 106.066
1560 159.099
1561 141.421
1562 0
1563 562.5
1564 0
1565 1207.11
1566 0
1567 0
1568 0
1569 0
1570 0
1571 2871.32
1572 1914.21
1573 0
1574 0
1575 353.553
1576 187.5
1577 1655.33
1578 0
1579 3414.21
1580 1707.11
1581 0
1582 225
1583 0
1584 0
1585 0
1586 0
1587 0
1588 0
1589 0
1590 0
1591 0
1592 0
1593 0
1594 375
1595 0
1596 1170.5
1597 937.5
1598 1170.5
1599 0
1600 0
1601 500
1602 0
1603 1000
1604 106.066
1605 150
1606 0
1607 150
1608 2606.16
1609 2560.66
1610 0
1611 1700.83
1612 707.107
1613 750
1614 1312.5
1615 1467.83
1616 562.5
1617 382.843
1618 1914.21
1619 100
1620 0
1621 500
1622 0
1623 0
1624 0
1625 0
1626 100
1627 241.421
1628 0
1629 0
1630 1000
1631 0
1632 662.132
1633 1060.66
1634 562.5
1635 187.5
1636 353.553
1637 353.553
1638 707.107
1639 0
1640 2060.66
1641 2075.83
1642 0
1643 0
1644 0
1645 0
1646 1623.16
1647 562.5
1648 2153.49
1649 562.5
1650 141.421
1651 0
1652 100
1653 0
1654 0
1655 707.107
1656 3058.82
1657 100
1658 707.107
1659 341.421
1660 0
1661 0
1662 353.553
1663 0
1664 1207.11
1665 0
1666 937.5
1667 141.421
1668 0
1669 0
1670 937.5
1671 1325.83
1672 2812.5
1673 353.553
1674 3123.16
1675 1060.66
1676 0
1677 2606.16
1678 0
1679 0
1680 500
1681 0
1682 1092.83
1683 562.5
1684 3621.32
1685 0
1686 1312.5
1687 795.495
1688 3707.11
1689 0
1690 1500
1691 3707.11
1692 0
1693 0
1694 707.107
1695 100
1696 7949.75
1697 187.5
1698 353.553
1699 1092.83
1700 0
1701 1312.5
1702 1060.66
1703 795.495
1704 0
1705 0
1706 0
1707 0
1708 2373.16
1709 441.421
1710 1623.16
1711 2414.21
1712 241.421
1713 500
1714 0
1715 100
1716 0
1717 0
1718 0
1719 375
1720 353.553
1721 0
1722 0
1723 1250
1724 353.553
1725 100
1726 2825.83
1727 795.495
1728 1998.16
1729 0
1730 3000
1731 0
1732 482.843
1733 0
1734 562.5
1735 100
1736 3291.82
1737 937.5
1738 4621.32
1739 0
1740 562.5
1741 500
1742 0
1743 0
1744 0
1745 0
1746 1914.21
1747 562.5
1748 1000
1749 0
1750 1325.83
1751 0
1752 150
1753 957.107
1754 1810.66
1755 1435.66
1756 2560.66
1757 2414.21
1758 2207.11
1759 500
1760 0
1761 1414.21
1762 0
1763 2075.83
1764 0
1765 0
1766 1000
1767 1687.5
1768 2207.11
1769 0
1770 500
1771 562.5
1772 100
1773 1914.21
1774 0
1775 0
1776 0
1777 112.5
1778 707.107
1779 187.5
1780 1092.83
1781 1060.66
1782 750
1783 1092.83
1784 1700.83
1785 2871.32
1786 6492.64
1787 1842.83
1788 150
1789 1810.66
1790 0
1791 0
1792 562.5
1793 341.421
1794 0
1795 1707.11
1796 707.107
1797 0
1798 200
1799 4121.32
1800 0
1801 0
1802 141.421
1803 0
1804 0
1805 0
1806 0
1807 6371.32
1808 2621.32
1809 937.5
1810 150
1811 795.495
1812 1700.83
1813 0
1814 0
1815 0
1816 1325.83
1817 707.107
1818 562.5
1819 562.5
1820 8035.53
1821 1000
1822 0
1823 6889.09
1824 500
1825 341.421
1826 905.33
1827 1687.5
1828 2914.21
1829 2121.32
1830 75
1831 0
1832 562.5
1833 707.107
1834 1170.5
1835 3328.43
1836 2121.32
1837 2207.11
1838 1914.21
1839 0
1840 0
1841 0
1842 1914.21
1843 0
1844 4535.53
1845 2414.21
1846 795.495
1847 0
1848 603.553
1849 3511.49
1850 159.099
1851 0
1852 562.5
1853 0
1854 1998.16
1855 0
1856 0
1857 0
1858 2825.83
1859 1060.66
1860 400
1861 3937.5
1862 795.495
1863 2121.32
1864 212.132
1865 106.066
1866 1325.83
1867 1207.11
1868 0
1869 0
1870 500
1871 1623.16
1872 1414.21
1873 562.5
1874 937.5
1875 3589.15
1876 937.5
1877 0
1878 562.5
1879 250
1880 0
1881 112.5
1882 603.553
1883 200
1884 353.553
1885 0
1886 2373.16
1887 1060.66
1888 1700.83
1889 1325.83
1890 1207.11
1891 0
1892 500
1893 707.107
1894 1207.11
1895 0
1896 382.843
1897 6949.75
1898 353.553
1899 0
1900 0
1901 487.5
1902 353.553
1903 2207.11
1904 1914.21
1905 562.5
1906 1092.83
1907 1000
1908 0
1909 500
1910 241.421
1911 1707.11
1912 1414.21
1913 1707.11
1914 1312.5
1915 0
1916 0
1917 0
1918 0
1919 100
1920 0
1921 1687.5
1922 1920.5
1923 159.099
1924 707.107
1925 0
1926 341.421
1927 200
1928 0
1929 4121.32
1930 603.553
1931 0
1932 141.421
1933 603.553
1934 0
1935 1060.66
1936 562.5
1937 641.421
1938 603.553
1939 0
1940 937.5
1941 4121.32
1942 1170.5
1943 0
1944 0
1945 0
1946 0
1947 2560.66
1948 0
1949 241.421
1950 500
1951 1998.16
1952 353.553
1953 0
1954 562.5
1955 3498.16
1956 1810.66
1957 0
1958 1207.11
1959 562.5
1960 603.553
1961 0
1962 0
1963 0
1964 0
1965 3931.98
1966 0
1967 2748.16
1968 6285.53
1969 0
1970 353.553
1971 1545.5
1972 2450.83
1973 5431.98
1974 3291.82
1975 3121.32
1976 0
1977 218.566
1978 450
1979 353.553
1980 1920.5
1981 0
1982 262.5
1983 0
1984 112.5
1985 212.132
1986 0
1987 1842.83
1988 0
1989 1000
1990 1000
1991 500
1992 707.107
1993 707.107
1994 530.33
1995 0
1996 1467.83
1997 141.421
1998 112.5
1999 524.264
2000 2621.32
2001 0
2002 5477.48
2003 0
2004 0
2005 0
2006 2207.11
2007 0
2008 0
2009 141.421
2010 0
2011 106.066
2012 962.132
2013 0
2014 0
2015 353.553
2016 0
2017 0
2018 112.5
2019 905.33
2020 530.33
2021 562.5
2022 707.107
2023 0
2024 795.495
2025 0
2026 2871.32
2027 0
2028 0
2029 3207.11
2030 2748.16
2031 1207.11
2032 5035.53
2033 4828.43
2034 2450.83
2035 500
2036 0
2037 0
2038 0
2039 500
2040 0
2041 1207.11
2042 3121.32
2043 1536.4
2044 106.066
2045 603.553
2046 1103.55
2047 0
2048 2075.83
2049 603.553
2050 1687.5
2051 0
2052 159.099
2053 112.5
2054 0
2055 0
2056 0
2057 0
2058 0
2059 0
2060 750
2061 937.5
2062 0
2063 0
2064 0
2065 1707.11
2066 0
2067 375
2068 0
2069 0
2070 212.132
2071 212.132
2072 250
2073 1353.55
2074 112.5
2075 353.553
2076 707.107
2077 707.107
2078 1914.21
2079 530.33
2080 0
2081 937.5
2082 0
2083 905.33
2084 0
2085 0
2086 562.5
2087 2000
2088 0
2089 0
2090 937.5
2091 0
2092 1103.55
2093 0
2094 0
2095 0
2096 1325.83
2097 1170.5
2098 0
2099 241.421
2100 141.421
2101 141.421
2102 0
2103 0
2104 3291.82
2105 795.495
2106 159.099
2107 707.107
2108 707.107
2109 0
2110 0
2111 5121.32
2112 795.495
2113 562.5
2114 937.5
2115 0
2116 0
2117 1000
2118 905.33
2119 2000
2120 707.107
2121 562.5
2122 3181.98
2123 141.421
2124 3310.66
2125 3621.32
2126 482.843
2127 353.553
2128 382.843
2129 0
2130 3207.11
2131 1500
2132 250
2133 2414.21
2134 187.5
2135 1457.11
2136 187.5
2137 1707.11
2138 353.553
2139 187.5
2140 1353.55
2141 0
2142 905.33
2143 707.107
2144 0
2145 0
2146 0
2147 0
2148 3914.21
2149 795.495
2150 0
2151 0
2152 0
2153 0
2154 0
2155 0
2156 2250
2157 1086.4
2158 1000
2159 353.553
2160 1092.83
2161 234.099
2162 353.553
2163 0
2164 112.5
2165 106.066
2166 707.107
2167 0
2168 0
2169 0
2170 1810.66
2171 0
2172 0
2173 0
2174 100
2175 3914.21
2176 4121.32
2177 1414.21
2178 937.5
2179 724.264
2180 707.107
2181 0
2182 0
2183 75
2184 0
2185 0
2186 0
2187 187.5
2188 1103.55
2189 0
2190 853.553
2191 0
2192 181.066
2193 603.553
2194 603.553
2195 0
2196 500
2197 1207.11
2198 112.5
2199 0
2200 0
2201 1500
2202 5328.43
2203 0
2204 0
2205 0
2206 3121.32
2207 3873.16
2208 1914.21
2209 0
2210 4121.32
2211 0
2212 562.5
2213 0
2214 375
2215 795.495
2216 5035.53
2217 795.495
2218 282.843
2219 0
2220 75
2221 0
2222 0
2223 2707.11
2224 0
2225 562.5
2226 795.495
2227 1914.21
2228 562.5
2229 2621.32
2230 1914.21
2231 1467.83
2232 0
2233 0
2234 2414.21
2235 0
2236 0
2237 234.099
2238 382.843
2239 0
2240 500
2241 1325.83
2242 937.5
2243 0
2244 0
2245 795.495
2246 1707.11
2247 512.132
2248 100
2249 0
2250 353.553
2251 112.5
2252 2914.21
2253 0
2254 3914.21
2255 3121.32
2256 0
2257 0
2258 0
2259 1914.21
2260 937.5
2261 2914.21
2262 0
2263 0
2264 1170.5
2265 3207.11
2266 1060.66
2267 0
2268 0
2269 0
2270 1467.83
2271 0
2272 1700.83
2273 141.421
2274 0
2275 0
2276 1414.21
2277 0
2278 0
2279 0
2280 0
2281 2414.21
2282 0
2283 0
2284 0
2285 0
2286 0
2287 1920.5
2288 853.553
2289 0
2290 937.5
2291 362.132
2292 0
2293 0
2294 1700.83
2295 2414.21
2296 2121.32
2297 3000
2298 0
2299 0
2300 0
2301 0
2302 0
2303 750
2304 100
2305 1414.21
2306 0
2307 0
2308 100
2309 141.421
2310 112.5
2311 0
2312 0
2313 795.495
2314 0
2315 0
2316 3000
2317 0
2318 0
2319 1842.83
2320 0
2321 750
2322 0
2323 0
2324 0
2325 0
2326 500
2327 0
2328 562.5
2329 0
2330 0
2331 212.132
2332 1467.83
2333 0
2334 0
2335 0
2336 100
2337 1914.21
2338 937.5
2339 3121.32
2340 500
2341 562.5
2342 1810.66
2343 0
2344 0
2345 0
2346 353.553
2347 1000
2348 0
2349 3621.32
2350 0
2351 0
2352 0
2353 4035.53
2354 937.5
2355 0
2356 1325.83
2357 0
2358 0
2359 0
2360 0
2361 241.421
2362 853.553
2363 0
2364 212.132
2365 200
2366 905.33
2367 0
2368 0
2369 0
2370 524.264
2371 0
2372 603.553
2373 1060.66
2374 3828.43
2375 0
2376 500
2377 0
2378 1687.5
2379 0
2380 1810.66
2381 0
2382 2707.11
2383 0
2384 0
2385 2871.32
2386 0
2387 0
2388 0
2389 0
2390 0
2391 0
2392 1000
2393 1000
2394 1207.11
2395 0
2396 4621.32
2397 1207.11
2398 0
2399 795.495
2400 795.495
2401 937.5
2402 1467.83
2403 112.5
2404 1500
2405 0
2406 0
2407 795.495
2408 1500
2409 812.132
2410 2075.83
2411 0
2412 187.5
2413 353.553
2414 0
2415 0
2416 0
2417 0
2418 562.5
2419 0
2420 0
2421 112.5
2422 603.553
2423 250
2424 0
2425 1810.66
2426 0
2427 0
2428 1707.11
2429 0
2430 2373.16
2431 0
2432 1467.83
2433 0
2434 795.495
2435 1207.11
2436 0
2437 0
2438 0
2439 0
2440 500
2441 112.5
2442 1325.83
2443 353.553
2444 562.5
2445 0
2446 0
2447 1207.11
2448 0
2449 0
2450 0
2451 1707.11
2452 382.843
2453 0
2454 2914.21
2455 0
2456 0
2457 0
2458 0
2459 0
2460 0
2461 1207.11
2462 1170.5
2463 562.5
2464 937.5
2465 0
2466 2871.32
2467 1707.11
2468 0
2469 0
2470 1092.83
2471 3356.16
2472 2153.49
2473 562.5
2474 1707.11
2475 2914.21
2476 603.553
2477 341.421
2478 0
2479 0
2480 0
2481 795.495
2482 2871.32
2483 0
2484 0
2485 0
2486 562.5
2487 0
2488 1500
2489 0
2490 957.107
2491 0
2492 0
2493 1655.33
2494 300
2495 795.495
2496 0
2497 0
2498 0
2499 0
2500 0
2501 0
2502 0
2503 0
2504 0
2505 0
2506 853.553
2507 0
2508 0
2509 353.553
2510 2062.5
2511 0
2512 300
2513 112.5
2514 241.421
2515 1414.21
2516 0
2517 0
2518 957.107
2519 300
2520 141.421
2521 0
2522 0
2523 1707.11
2524 0
2525 0
2526 300
2527 1914.21
2528 353.553
2529 0
2530 795.495
2531 150
2532 212.132
2533 2373.16
2534 141.421
2535 0
2536 250
2537 0
2538 0
2539 0
2540 0
2541 0
2542 0
2543 0
2544 0
2545 707.107
2546 0
2547 0
2548 2914.21
2549 0
2550 1545.5
2551 106.066
2552 0
2553 1707.11
2554 2231.16
2555 795.495
2556 1170.5
2557 1092.83
2558 1207.11
2559 0
2560 0
2561 0
2562 353.553
2563 0
2564 0
2565 0
2566 0
2567 0
2568 0
2569 0
2570 0
2571 562.5
2572 0
2573 0
2574 0
2575 562.5
2576 4414.21
2577 1170.5
2578 0
2579 0
2580 0
2581 1207.11
2582 0
2583 0
2584 0
2585 0
2586 0
2587 0
2588 0
2589 0
2590 0
2591 1000
2592 0
2593 0
2594 603.553
2595 0
2596 0
2597 0
2598 3414.21
2599 6035.53
2600 0
2601 0
2602 2414.21
2603 2414.21
2604 0
2605 0
2606 141.421
2607 1414.21
2608 1707.11
2609 353.553
2610 4572.15
2611 0
2612 0
2613 0
2614 0
2615 100
2616 1707.11
2617 0
2618 2414.21
2619 0
2620 1998.16
2621 1207.11
2622 200
2623 0
2624 562.5
2625 3328.43
2626 100
2627 0
2628 0
2629 0
2630 0
2631 4871.32
2632 0
2633 2414.21
2634 141.421
2635 0
2636 187.5
2637 1092.83
2638 853.553
2639 3707.11
2640 0
2641 0
2642 0
2643 0
2644 562.5
2645 0
2646 937.5
2647 0
2648 0
2649 2914.21
2650 1000
2651 562.5
2652 0
2653 1467.83
2654 562.5
2655 141.421
2656 0
2657 0
2658 795.495
2659 1125
2660 5431.98
2661 2914.21
2662 0
2663 2207.11
2664 0
2665 2373.16
2666 100
2667 2207.11
2668 0
2669 0
2670 1500
2671 0
2672 1000
2673 0
2674 0
2675 6181.98
2676 0
2677 707.107
2678 562.5
2679 0
2680 0
2681 353.553
2682 0
2683 1207.11
2684 1060.66
2685 106.066
2686 1842.83
2687 0
2688 0
2689 100
2690 0
2691 2414.21
2692 0
2693 0
2694 0
2695 0
2696 0
2697 0
2698 0
2699 853.553
2700 2914.21
2701 0
2702 1707.11
2703 1414.21
2704 2075.83
2705 212.132
2706 795.495
2707 0
2708 1467.83
2709 0
2710 200
2711 0
2712 0
2713 0
2714 141.421
2715 241.421
2716 0
2717 0
2718 2828.43
2719 0
2720 1060.66
2721 562.5
2722 0
2723 0
2724 0
2725 0
2726 0
2727 0
2728 141.421
2729 0
2730 0
2731 0
2732 795.495
2733 937.5
2734 0
2735 1914.21
2736 707.107
2737 2914.21
2738 1103.55
2739 0
2740 0
2741 0
2742 853.553
2743 141.421
2744 159.099
2745 0
2746 150
2747 0
2748 0
2749 1000
2750 0
2751 3207.11
2752 0
2753 0
2754 937.5
2755 0
2756 0
2757 0
2758 0
2759 0
2760 1207.11
2761 0
2762 1170.5
2763 150
2764 4371.32
2765 353.553
2766 0
2767 212.132
2768 0
2769 0
2770 0
2771 0
2772 0
2773 0
2774 3045.5
2775 1207.11
2776 707.107
2777 5328.43
2778 0
2779 150
2780 424.264
2781 562.5
2782 1810.66
2783 0
2784 3328.43
2785 2075.83
2786 750
2787 0
2788 1707.11
2789 0
2790 1060.66
2791 0
2792 1414.21
2793 0
2794 0
2795 0
2796 0
2797 75
2798 0
2799 100
2800 0
2801 4060.66
2802 1092.83
2803 0
2804 0
2805 0
2806 424.264
2807 3621.32
2808 0
2809 750
2810 282.843
2811 1414.21
2812 562.5
2813 75
2814 0
2815 500
2816 0
2817 0
2818 0
2819 937.5
2820 1500
2821 212.132
2822 75
2823 112.5
2824 0
2825 1207.11
2826 0
2827 0
2828 353.553
2829 530.33
2830 0
2831 4121.32
2832 1207.11
2833 2207.11
2834 1500
2835 0
2836 524.264
2837 1092.83
2838 0
2839 0
2840 0
2841 150
2842 1500
2843 0
2844 0
2845 1810.66
2846 250
2847 0
2848 0
2849 1707.11
2850 2560.66
2851 795.495
2852 2207.11
2853 0
2854 0
2855 0
2856 0
2857 0
2858 1707.11
2859 0
2860 3621.32
2861 187.5
2862 0
2863 100
2864 0
2865 0
2866 0
2867 0
2868 795.495
2869 0
2870 0
2871 0
2872 1687.5
2873 2621.32
2874 1655.33
2875 1207.11
2876 0
2877 100
2878 112.5
2879 0
2880 0
2881 512.132
2882 0
2883 0
2884 0
2885 562.5
2886 562.5
2887 0
2888 0
2889 1000
2890 0
2891 0
2892 0
2893 795.495
2894 562.5
2895 0
2896 0
2897 353.553
2898 0
2899 0
2900 562.5
2901 0
2902 0
2903 750
2904 2871.32
2905 0
2906 0
2907 562.5
2908 2560.66
2909 241.421
2910 0
2911 500
2912 0
2913 562.5
2914 707.107
2915 1707.11
2916 4371.32
2917 1000
2918 0
2919 0
2920 0
2921 0
2922 1655.33
2923 0
2924 0
2925 212.132
2926 500
2927 0
2928 0
2929 0
2930 0
2931 112.5
2932 353.553
2933 1170.5
2934 0
2935 141.421
2936 795.495
2937 0
2938 562.5
2939 1207.11
2940 707.107
2941 562.5
2942 4414.21
2943 3621.32
2944 0
2945 500
2946 1060.66
2947 2560.66
2948 0
2949 0
2950 112.5
2951 1700.83
2952 0
2953 1207.11
2954 1207.11
2955 905.33
2956 3828.43
2957 100
2958 905.33
2959 905.33
2960 4339.15
2961 0
2962 0
2963 0
2964 0
2965 0
2966 1092.83
2967 0
2968 937.5
2969 0
2970 0
2971 0
2972 1914.21
2973 106.066
2974 0
2975 0
2976 562.5
2977 1707.11
2978 5535.53
2979 0
2980 0
2981 0
2982 1545.5
2983 0
2984 250
2985 0
2986 2414.21
2987 0
2988 0
2989 0
2990 1414.21
2991 0
2992 241.421
2993 0
2994 0
2995 2981.16
2996 1545.5
2997 2621.32
2998 1207.11
2999 0
3000 141.421
3001 2707.11
3002 0
3003 0
3004 0
3005 141.421
3006 0
3007 0
3008 0
3009 0
3010 0
3011 562.5
3012 353.553
3013 0
3014 0
3015 0
3016 0
3017 75
3018 1092.83
3019 250
3020 112.5
3021 0
3022 4947.15
3023 187.5
3024 353.553
3025 353.553
3026 341.421
3027 0
3028 795.495
3029 1170.5
3030 1707.11
3031 0
3032 0
3033 241.421
3034 0
3035 3121.32
3036 0
3037 0
3038 0
3039 1914.21
3040 0
3041 0
3042 1207.11
3043 0
3044 2153.49
3045 353.553
3046 0
3047 0
3048 0
3049 241.421
3050 0
3051 0
3052 2414.21
3053 1914.21
3054 0
3055 0
3056 0
3057 998.528
3058 500
3059 382.843
3060 2414.21
3061 0
3062 1312.5
3063 362.132
3064 0
3065 0
3066 4621.32
3067 0
3068 2164.21
3069 282.843
3070 707.107
3071 1914.21
3072 0
3073 2528.49
3074 0
3075 0
3076 1414.21
3077 0
3078 750
3079 0
3080 562.5
3081 100
3082 0
3083 707.107
3084 0
3085 0
3086 0
3087 1707.11
3088 0
3089 0
3090 150
3091 241.421
3092 106.066
3093 937.5
3094 0
3095 1092.83
3096 0
3097 0
3098 1000
3099 1207.11
3100 0
3101 562.5
3102 141.421
3103 0
3104 1170.5
3105 562.5
3106 707.107
3107 562.5
3108 707.107
3109 0
3110 0
3111 0
3112 0
3113 0
3114 0
3115 795.495
3116 1467.83
3117 1000
3118 0
3119 0
3120 500
3121 1170.5
3122 0
3123 0
3124 0
3125 0
3126 0
3127 1623.16
3128 300
3129 0
3130 159.099
3131 0
3132 112.5
3133 707.107
3134 562.5
3135 530.33
3136 0
3137 2748.16
3138 0
3139 0
3140 0
3141 0
3142 500
3143 3914.21
3144 0
3145 0
3146 1707.11
3147 562.5
3148 795.495
3149 0
3150 0
3151 1170.5
3152 0
3153 0
3154 2914.21
3155 0
3156 362.132
3157 562.5
3158 341.421
3159 112.5
3160 75
3161 707.107
3162 2528.49
3163 4041.82
3164 0
3165 795.495
3166 562.5
3167 0
3168 0
3169 0
3170 0
3171 1207.11
3172 0
3173 4121.32
3174 353.553
3175 112.5
3176 0
3177 0
3178 0
3179 0
3180 530.33
3181 1414.21
3182 0
3183 1312.5
3184 250
3185 795.495
3186 2761.49
3187 0
3188 0
3189 100
3190 2871.32
3191 0
3192 0
3193 795.495
3194 0
3195 0
3196 0
3197 0
3198 0
3199 0
3200 2450.83
3201 0
3202 0
3203 957.107
3204 4207.11
3205 0
3206 0
3207 0
3208 0
3209 562.5
3210 3621.32
3211 2207.11
3212 0
3213 0
3214 1325.83
3215 1545.5
3216 0
3217 5621.32
3218 0
3219 1842.83
3220 1467.83
3221 530.33
3222 1312.5
3223 1810.66
3224 2606.16
3225 0
3226 2075.83
3227 1914.21
3228 0
3229 0
3230 500
3231 0
3232 0
3233 707.107
3234 0
3235 200
3236 1664.21
3237 0
3238 707.107
3239 0
3240 0
3241 3414.21
3242 141.421
3243 241.421
3244 0
3245 0
3246 0
3247 957.107
3248 0
3249 0
3250 1810.66
3251 2250
3252 3310.66
3253 0
3254 0
3255 0
3256 0
3257 0
3258 937.5
3259 141.421
3260 300
3261 562.5
3262 1500
3263 1998.16
3264 853.553
3265 282.843
3266 2871.32
3267 141.421
3268 707.107
3269 1000
3270 3414.21
3271 3914.21
3272 3136.49
3273 2621.32
3274 780.33
3275 795.495
3276 1170.5
3277 1914.21
3278 1207.11
3279 1467.83
3280 0
3281 0
3282 1092.83
3283 0
3284 2414.21
3285 0
3286 0
3287 3414.21
3288 0
3289 3828.43
3290 795.495
3291 0
3292 0
3293 0
3294 1414.21
3295 1000
3296 0
3297 0
3298 0
3299 1414.21
3300 0
3301 1545.5
3302 0
3303 0
3304 0
3305 0
3306 562.5
3307 3707.11
3308 795.495
